demo/krs_cut.asc
ncols        720
nrows        360
xllcorner    92.550000000000
yllcorner    55.850000000000
cellsize     0.000833333333
NODATA_value -32768
[rows 126 to 167 of 360, columns 0 to 93 of 720]
363 367 372 371 369 366 362 356 349 347 344 344 344 343 342 340 338 334 330 328 326 325 324 324 325 327 330 330 329 327 324 321 318 317 316 318 321 322 323 322 320 317 313 311 308 306 304 304 303 304 306 307 309 309 310 310 311 313 316 316 315 315 314 313 312 309 306 303 299 295 291 288 285 284 282 282 282 284 287 289 291 288 285 283 281 281 280 279 278 276 274 272 270 267
364 366 368 368 368 365 361 357 353 352 350 350 350 349 347 343 339 337 334 334 335 334 332 332 333 333 334 333 332 329 325 323 321 322 324 324 325 324 323 320 317 315 313 313 312 310 308 309 311 313 316 317 318 318 318 319 320 320 321 319 317 315 313 310 307 304 300 296 291 291 290 289 288 288 289 290 291 292 293 293 292 290 288 286 284 282 280 278 275 271 266 263 260 258
365 365 366 366 367 366 364 361 358 357 355 354 353 349 345 343 341 341 341 341 340 340 340 341 342 341 339 338 337 333 328 328 327 328 329 329 328 326 324 322 320 319 318 317 315 314 312 316 320 323 326 326 325 325 325 325 326 324 322 320 317 314 310 307 304 302 299 298 297 299 301 302 304 301 298 298 299 297 294 290 286 286 287 284 281 278 274 270 266 262 257 253 249 247
361 363 366 366 367 366 365 363 360 359 357 355 353 351 349 349 348 348 348 348 347 348 349 348 346 345 343 340 336 334 332 333 334 335 336 335 333 332 330 329 327 326 325 323 320 319 318 324 330 331 333 333 332 331 329 328 326 324 321 319 316 314 312 312 313 311 309 308 307 308 310 308 306 304 301 300 299 294 288 285 282 281 280 277 274 271 268 264 259 255 250 250 249 249
359 360 362 364 366 367 368 366 363 361 359 358 357 357 356 356 356 355 353 353 353 353 353 351 349 346 343 341 338 339 341 342 344 344 345 343 340 338 336 335 334 333 331 329 327 327 327 330 333 334 335 334 333 332 330 328 325 323 320 319 318 320 322 320 318 316 314 313 311 310 308 305 302 300 297 296 294 288 282 281 279 276 273 271 269 265 261 257 252 252 251 253 256 257
358 358 359 361 364 365 366 366 366 365 363 363 363 363 363 363 362 360 357 357 356 354 352 351 350 349 347 347 348 348 349 350 351 350 348 347 345 344 343 342 341 340 339 338 337 337 336 336 335 334 333 332 331 329 327 325 323 321 318 318 319 319 319 318 317 314 311 310 308 306 304 301 298 295 291 289 286 282 278 276 274 271 268 265 261 258 254 253 252 253 255 257 259 261
364 364 363 363 364 364 364 365 366 366 366 366 367 367 366 366 365 364 362 360 358 357 356 356 355 355 354 354 355 356 357 356 354 354 353 352 350 350 349 349 348 347 345 344 343 341 339 337 335 334 333 331 328 325 322 320 317 316 315 317 320 319 318 315 311 307 303 301 299 299 298 296 293 289 285 282 279 276 273 271 269 267 264 260 256 257 258 259 260 260 261 262 263 266
372 371 370 370 370 370 370 370 370 370 369 369 368 368 369 368 367 365 363 362 361 360 359 359 358 358 357 357 356 356 355 355 355 355 354 353 352 350 348 345 342 341 340 340 339 338 337 334 331 329 326 323 320 319 318 315 312 310 308 311 315 313 310 306 302 298 294 291 287 285 282 281 280 278 276 275 273 271 268 265 262 261 259 259 259 261 264 265 267 267 267 268 270 271
383 382 381 380 379 378 376 376 376 374 372 370 368 366 363 361 358 356 353 352 350 350 349 348 346 345 343 343 344 344 345 346 347 347 348 347 346 343 339 333 327 327 328 327 326 326 326 324 322 320 317 314 311 310 308 307 305 301 296 298 300 299 297 293 288 284 280 279 277 274 271 270 269 268 267 267 266 266 267 264 260 260 260 261 263 263 264 267 270 271 273 273 272 274
392 391 389 388 386 385 383 382 380 378 375 373 370 365 360 357 354 352 350 349 348 346 344 343 341 339 337 336 334 334 335 336 337 337 338 337 336 334 331 324 317 317 316 314 311 311 312 312 311 309 306 303 300 299 298 297 296 292 288 287 286 285 284 281 277 276 274 273 272 273 274 274 274 274 273 273 272 271 269 268 267 266 264 264 265 265 265 268 272 272 273 276 279 279
401 400 399 397 395 393 391 388 385 381 376 373 370 368 365 363 361 359 356 355 353 351 348 346 344 341 337 333 329 328 327 328 329 328 326 326 327 324 321 316 311 308 305 303 301 301 300 299 298 298 298 296 293 293 292 289 286 285 283 283 284 284 285 284 282 282 282 282 281 280 279 279 279 277 275 275 274 274 273 273 272 272 271 270 269 269 268 269 271 274 277 279 281 280
416 415 414 410 406 402 397 394 391 387 382 379 376 373 370 368 365 362 359 356 353 350 347 345 342 339 336 334 331 329 326 324 321 320 318 316 314 312 310 309 308 307 305 303 301 301 301 300 299 299 298 296 294 294 293 292 291 290 289 289 288 288 288 288 289 290 291 290 288 287 285 285 284 283 282 281 279 279 279 279 278 278 278 277 276 275 273 274 275 276 278 279 280 280
422 423 425 422 419 414 409 405 401 397 393 389 385 380 375 372 368 365 361 357 353 351 348 346 344 341 338 337 336 334 332 331 330 328 326 322 317 316 315 315 315 313 311 309 307 306 304 303 302 301 300 300 300 299 297 297 296 295 294 293 291 292 294 296 298 299 301 299 296 296 295 294 293 292 291 290 289 289 288 288 289 289 288 288 287 284 281 282 283 285 288 289 290 289
429 428 426 425 424 421 418 416 414 409 404 397 389 385 381 378 374 370 366 364 362 359 356 353 349 346 343 343 342 342 341 342 344 342 340 336 331 329 327 325 323 322 320 318 315 313 311 310 309 308 306 305 303 302 301 301 302 300 298 297 296 298 301 303 306 309 313 312 311 308 305 305 305 303 300 298 295 294 293 293 292 292 292 295 299 297 294 291 287 290 294 295 297 295
436 435 433 430 426 422 418 413 407 403 399 393 387 385 382 378 373 372 371 371 370 366 361 358 355 353 351 351 351 351 351 351 350 347 343 340 337 336 334 333 331 330 328 326 323 321 319 316 313 312 311 310 308 306 304 305 306 306 305 304 302 304 306 311 316 321 327 327 328 325 322 320 317 313 308 306 304 303 302 302 301 302 303 305 308 305 302 298 294 301 309 311 313 307
446 443 440 436 432 423 414 404 394 388 381 380 379 378 376 376 376 376 375 373 370 368 366 364 361 362 364 363 362 365 369 368 366 364 361 358 354 352 350 347 343 340 337 334 331 329 326 324 322 320 318 317 315 313 311 311 310 310 310 310 310 310 311 318 326 331 337 337 337 336 335 330 325 323 320 318 315 314 313 313 313 313 313 313 312 310 307 309 312 317 322 320 318 313
454 449 443 435 427 414 401 388 375 371 367 372 377 379 381 382 383 382 380 379 377 375 373 372 370 372 374 378 382 383 384 381 378 376 374 373 371 369 366 361 355 350 344 341 338 336 333 332 330 328 325 325 324 321 318 318 317 316 314 314 315 318 321 326 331 337 343 346 349 349 350 345 340 337 334 331 328 327 326 326 327 326 325 321 317 316 315 322 330 332 334 330 325 320
450 444 438 426 413 395 377 365 353 362 372 382 393 393 393 393 393 392 390 389 388 385 382 381 380 384 388 392 396 395 394 392 389 387 385 384 383 380 376 371 365 360 355 354 352 349 346 343 339 337 334 333 331 328 325 325 325 324 322 324 326 329 333 336 340 345 351 355 360 361 362 360 358 353 348 344 340 338 335 334 332 328 324 323 321 323 326 333 341 341 341 336 331 329
442 433 424 407 390 370 350 346 341 361 381 394 407 406 404 402 400 399 397 397 397 395 393 395 398 403 409 409 409 409 408 406 403 401 399 395 391 387 383 381 378 378 377 376 374 369 364 357 350 348 345 342 339 338 336 335 334 337 341 341 342 344 346 349 353 356 359 362 365 368 372 370 368 364 360 355 349 344 338 335 331 329 327 328 329 331 333 337 341 342 343 341 339 335
420 411 402 384 365 347 328 335 342 365 389 401 414 413 412 408 404 403 402 403 404 404 404 409 415 419 423 423 422 421 420 418 415 411 407 402 396 394 391 391 392 392 393 393 392 388 383 376 368 364 359 354 349 348 347 345 343 347 351 354 358 358 357 360 364 367 371 373 375 378 382 377 372 368 363 357 350 347 343 341 339 338 337 337 338 340 342 342 342 344 346 345 344 341
368 363 357 346 334 323 311 330 350 374 399 411 424 419 413 410 407 409 411 412 413 414 416 421 427 430 434 433 431 431 430 427 423 418 412 406 400 398 395 398 401 402 404 404 404 401 397 390 383 375 366 365 364 363 361 357 352 353 354 360 367 368 369 374 380 381 382 382 382 382 381 375 368 364 360 358 356 358 360 357 353 351 349 351 353 353 354 353 352 352 353 352 351 347
310 309 307 303 298 298 299 322 345 370 396 405 414 404 393 395 397 410 424 424 425 424 422 428 435 438 441 440 438 437 435 431 426 417 408 402 395 395 395 401 407 409 411 411 411 408 404 397 389 383 376 377 379 376 373 368 363 363 362 368 375 378 382 389 396 394 392 391 389 385 380 376 371 369 366 368 371 374 378 372 365 362 359 360 362 362 362 361 360 358 356 352 347 345
272 272 273 272 270 272 274 290 306 328 351 359 367 365 363 377 391 405 419 416 412 410 408 420 432 433 435 434 433 432 431 426 421 411 401 394 387 388 389 396 403 406 410 410 411 409 407 402 396 393 390 390 389 387 384 381 377 373 369 374 379 384 389 395 401 400 399 397 395 392 388 384 380 379 377 380 384 383 382 378 373 372 371 371 372 372 371 369 367 363 359 356 353 351
273 271 269 268 267 266 264 267 270 284 298 310 323 337 352 368 385 391 398 389 380 384 389 405 421 421 421 420 419 418 416 411 406 398 390 384 378 378 377 382 388 392 397 400 404 405 407 406 405 405 404 402 399 397 395 393 390 384 377 380 384 391 398 402 407 407 408 406 403 400 397 392 387 388 389 391 394 392 389 387 384 384 383 383 382 380 378 375 371 368 365 363 361 360
290 286 282 279 275 273 271 268 265 266 268 284 301 314 328 335 342 348 354 351 348 361 374 380 387 390 394 402 410 410 409 404 399 391 382 374 366 366 367 373 379 385 392 397 402 406 410 410 411 412 413 413 412 411 409 405 401 397 393 394 395 400 405 410 416 417 419 416 413 410 406 401 395 398 402 402 403 401 398 397 396 394 392 390 388 386 383 381 379 377 374 371 368 366
298 295 291 287 282 279 276 271 266 265 263 266 270 276 282 286 290 296 303 315 327 344 362 357 352 363 374 386 399 404 410 407 403 392 380 368 356 363 371 378 386 393 401 406 412 415 418 422 427 429 432 431 430 426 421 417 412 410 408 410 412 416 421 425 430 429 428 422 416 412 408 408 409 410 412 412 412 411 409 408 406 404 402 400 398 396 394 392 390 386 382 377 372 368
305 307 309 302 295 293 291 284 276 270 264 263 262 261 259 259 260 264 269 289 310 321 333 328 322 332 343 350 357 377 398 400 403 388 373 363 353 364 375 385 396 404 412 417 422 424 427 433 439 442 445 445 444 440 436 430 423 423 423 426 429 432 436 436 437 433 428 423 418 419 420 423 426 425 424 423 422 421 420 418 415 413 411 409 406 403 400 396 391 386 381 376 371 368
321 321 320 316 311 313 315 311 307 301 295 289 282 278 274 270 266 264 261 268 275 280 285 285 285 292 299 309 320 342 364 373 383 368 352 348 344 358 373 386 399 411 423 429 435 437 440 444 448 450 452 451 450 447 443 440 437 438 439 440 441 442 443 440 437 434 430 430 429 433 437 438 440 439 438 434 430 429 428 426 424 422 419 415 411 404 397 393 388 385 381 374 367 365
336 335 334 334 333 338 344 340 335 331 327 320 313 305 296 290 284 280 275 268 261 261 261 261 260 261 262 268 275 298 322 332 343 336 328 338 348 363 378 387 396 408 421 430 439 444 449 451 453 453 452 452 452 451 450 450 450 450 451 451 451 450 448 444 440 441 442 443 445 447 449 450 451 449 446 443 439 437 434 431 428 423 417 411 405 400 394 390 385 381 376 370 364 361
354 353 351 354 357 363 370 367 363 358 353 346 339 323 307 307 307 305 303 294 285 284 282 284 286 278 270 263 255 271 288 305 323 321 318 336 354 374 395 406 418 424 431 437 444 449 454 454 455 454 453 454 455 456 458 458 458 459 460 460 460 457 453 452 451 454 457 459 462 462 462 460 457 454 450 446 442 438 434 429 424 415 406 400 393 388 383 380 377 376 374 374 374 369
371 369 367 372 378 385 392 390 388 382 375 364 353 340 326 325 323 326 330 323 315 313 311 312 314 305 296 280 264 264 263 287 311 311 312 335 358 379 400 418 436 442 449 453 457 457 458 457 455 456 458 460 462 463 465 467 469 469 470 470 470 467 464 463 461 464 467 470 473 470 467 462 456 452 447 441 435 429 422 416 410 406 401 399 396 395 393 392 390 392 394 394 394 389
393 393 392 395 399 403 408 406 404 397 390 378 365 353 341 341 342 348 355 345 334 334 334 334 333 326 319 303 286 268 250 265 281 292 303 328 354 376 399 412 426 442 458 462 467 465 462 456 450 449 448 452 456 459 463 465 467 470 473 476 480 478 475 472 469 472 475 475 474 469 463 456 449 443 436 430 424 418 411 409 406 406 407 409 411 411 411 410 409 410 411 411 411 406
418 417 416 418 420 424 429 419 409 400 390 377 363 354 345 351 358 361 365 361 357 357 356 354 352 346 340 324 307 285 263 259 254 278 302 326 351 361 371 384 397 415 434 437 440 442 444 439 433 426 418 421 425 432 440 442 444 452 460 470 481 480 478 476 474 475 477 473 469 462 454 448 441 435 429 426 422 421 419 419 420 421 423 425 428 429 430 429 428 428 429 428 427 421
442 441 439 439 438 442 447 433 419 403 387 373 359 360 361 371 381 383 386 386 385 381 377 372 367 361 355 336 317 298 278 262 245 263 281 304 328 331 335 352 370 384 398 398 399 400 402 402 402 393 384 385 387 399 411 415 420 435 451 461 472 475 479 479 478 477 476 471 465 457 449 444 439 438 437 435 433 434 436 437 438 439 441 442 444 445 447 447 446 446 445 442 438 433
466 464 462 460 457 452 447 434 420 405 389 380 370 378 387 394 402 404 407 407 406 400 393 386 379 368 357 337 317 297 277 266 254 253 252 271 291 301 311 326 342 351 361 359 357 356 354 355 356 354 351 355 359 370 381 392 404 422 440 451 463 470 478 480 483 481 478 472 465 459 453 452 450 452 454 453 451 453 456 458 460 460 461 463 465 464 463 461 459 455 451 445 439 436
493 490 487 479 471 461 450 437 424 408 392 389 385 399 413 418 423 425 428 427 425 418 410 398 386 367 348 328 307 299 290 283 276 260 244 252 260 272 285 296 308 315 322 319 316 316 317 324 331 342 354 366 379 384 390 397 404 416 429 441 454 463 472 478 485 484 482 478 473 470 466 466 465 468 471 470 469 472 476 479 482 483 484 482 480 476 471 467 462 456 449 442 435 430
516 511 505 493 481 470 459 446 432 416 399 399 400 413 427 436 445 446 447 441 435 424 413 394 375 356 336 327 317 320 324 312 300 277 253 248 242 253 264 272 280 283 286 293 301 315 330 338 347 360 373 386 399 407 415 423 431 436 441 444 447 456 465 472 480 483 486 486 486 484 482 481 480 483 486 488 490 492 495 497 499 499 498 494 490 483 476 471 465 460 454 448 441 432
538 530 521 507 493 481 469 454 438 429 420 422 424 430 437 447 458 459 461 452 442 424 406 385 364 350 335 343 352 357 363 346 328 299 269 251 233 241 249 258 267 281 295 310 325 342 360 368 376 384 393 402 412 423 435 445 455 459 463 461 458 460 463 469 475 482 490 494 499 498 497 497 498 501 505 508 511 512 513 512 510 507 504 497 490 484 477 475 472 468 463 454 444 433
546 536 525 514 503 489 475 461 446 445 443 447 451 455 459 465 471 473 475 465 455 439 423 398 373 364 354 371 388 386 384 365 346 318 290 264 238 238 239 247 256 273 290 310 330 349 368 384 400 409 419 427 435 443 452 465 478 481 484 480 476 476 475 477 480 487 494 501 508 511 514 515 517 520 523 524 526 524 521 517 512 507 502 493 484 476 468 465 461 456 450 440 429 419
542 533 524 515 505 495 485 472 458 460 462 470 478 482 486 487 489 490 491 482 473 458 442 417 391 383 375 388 402 390 378 358 337 316 294 271 248 239 230 234 238 255 272 296 320 335 351 372 394 416 438 446 454 463 473 483 493 497 501 498 494 492 489 489 489 493 498 506 515 520 526 530 534 535 536 535 534 529 524 519 513 506 498 488 478 468 457 451 444 437 429 422 414 407
536 531 525 519 512 505 497 490 482 486 491 496 501 503 506 505 504 501 497 487 476 462 447 426 404 407 410 409 408 387 365 348 330 313 296 280 263 252 241 235 229 239 250 273 296 316 336 359 383 406 430 438 447 459 472 477 482 483 484 487 490 494 498 498 498 502 507 515 523 529 536 541 547 546 544 541 537 530 523 516 509 503 496 487 478 471 464 455 446 439 431 425 418 416
531 531 531 528 524 520 515 511 506 506 507 512 517 518 520 517 513 506 499 488 476 462 448 439 430 434 438 428 417 402 387 373 358 337 315 297 278 266 254 242 229 232 236 254 273 297 321 342 364 380 396 407 418 427 437 443 450 449 448 451 455 462 469 478 488 502 516 525 534 542 550 554 559 556 553 547 540 534 527 521 514 508 502 496 489 483 476 467 458 451 443 438 432 432
