demo/krs_cut.asc
ncols        720
nrows        360
xllcorner    92.550000000000
yllcorner    55.850000000000
cellsize     0.000833333333
NODATA_value -32768
[rows 210 to 251 of 360, columns 0 to 93 of 720]
278 287 296 290 283 280 276 275 273 290 308 316 325 312 299 297 294 309 324 326 328 328 327 327 326 329 333 334 335 334 332 325 317 295 272 246 220 195 169 171 173 195 217 238 259 286 314 329 344 342 340 340 340 344 348 343 337 320 302 295 287 302 318 326 335 334 333 331 329 325 321 317 313 311 308 303 297 293 288 282 276 271 265 258 250 237 223 215 206 209 213 229 245 245
266 274 282 274 265 260 255 255 256 282 308 309 310 292 273 266 258 270 282 296 311 305 298 299 300 306 312 311 310 307 304 305 306 299 292 267 242 214 186 176 166 191 216 246 276 293 311 313 315 313 311 316 322 324 326 323 320 309 298 287 275 290 306 310 315 313 311 308 305 302 299 294 288 285 281 276 270 265 260 258 256 255 253 248 243 229 215 210 204 216 228 232 236 232
214 224 235 235 236 227 217 229 242 259 276 277 278 268 258 241 223 241 260 273 287 282 277 274 270 272 275 275 275 272 268 268 269 269 270 253 235 210 184 172 159 185 211 238 266 279 292 289 286 291 297 302 308 304 300 300 300 293 285 274 263 271 279 282 286 285 284 281 278 274 270 267 264 260 256 254 252 252 251 250 248 244 239 232 225 218 210 204 197 201 206 205 204 201
169 172 175 181 187 183 178 187 197 209 222 230 238 239 240 223 206 222 239 246 254 254 254 249 244 242 239 240 242 240 238 237 236 237 238 230 221 204 186 173 160 172 184 206 229 242 255 257 259 264 269 272 275 273 270 270 271 267 263 258 252 251 249 255 262 262 263 260 257 254 251 249 247 245 242 240 238 235 232 231 230 223 216 211 205 206 207 201 195 191 186 185 184 182
140 140 140 141 143 146 150 156 162 165 169 173 178 188 199 190 180 193 206 217 228 229 231 226 221 218 215 218 221 221 221 220 218 221 224 221 218 208 197 187 177 168 159 176 193 205 217 220 224 231 239 243 248 248 247 247 248 247 246 245 244 240 236 238 240 241 243 243 242 241 240 239 237 233 229 224 219 217 214 211 207 203 198 196 193 195 197 194 191 188 185 182 178 173
143 143 142 142 142 141 140 140 139 139 138 142 147 151 155 154 153 161 169 173 178 182 186 187 189 189 189 194 200 200 199 204 210 211 213 213 213 212 210 204 198 184 169 167 164 172 181 189 198 208 218 223 228 229 230 231 233 233 232 232 232 229 225 222 219 223 228 229 230 228 226 226 225 222 218 211 204 200 196 194 191 188 184 185 186 185 183 180 176 171 166 162 158 150
146 145 144 143 141 140 138 137 136 136 135 135 134 134 134 136 139 144 150 157 164 164 163 159 154 156 158 159 161 166 172 181 191 196 202 206 210 211 212 209 205 197 189 175 160 156 152 164 176 189 202 207 212 214 216 215 214 214 213 214 215 215 216 213 209 213 217 217 216 214 211 208 205 199 193 188 182 181 180 180 180 180 179 177 174 169 163 158 152 148 143 141 138 137
136 136 135 135 136 136 135 135 135 135 135 134 133 133 132 132 132 132 132 132 132 132 132 132 132 132 132 136 140 146 153 159 165 169 174 182 191 193 195 189 182 182 181 180 179 169 158 157 155 169 183 195 207 207 208 208 208 210 213 213 213 209 205 204 202 204 206 204 201 192 183 181 178 174 169 166 162 163 164 163 161 157 152 149 145 143 141 136 130 130 130 132 134 134
132 132 132 132 132 132 132 132 132 132 132 132 132 132 132 132 132 132 132 132 132 132 132 132 132 132 132 132 132 132 132 132 132 139 146 151 156 159 162 157 152 155 159 163 168 165 161 158 154 166 179 191 203 204 205 204 203 203 203 200 197 191 185 186 188 187 185 178 171 164 156 153 149 148 146 144 142 141 140 139 137 134 131 131 131 131 130 130 130 130 130 130 130 132
132 132 132 132 132 132 132 132 132 132 132 132 132 132 132 132 132 132 132 132 132 132 132 132 132 132 132 132 132 132 132 132 132 132 132 138 144 147 151 151 150 149 148 148 149 149 149 149 149 154 160 164 169 172 176 175 173 171 169 166 163 161 158 157 156 154 151 147 142 139 135 133 131 131 131 131 131 131 131 131 131 131 131 131 131 131 130 130 130 130 130 130 130 130
132 132 132 132 132 132 132 132 132 132 132 132 132 132 132 132 132 132 132 132 132 132 132 132 132 132 132 132 132 132 132 132 132 132 132 132 132 137 142 143 144 138 132 132 132 132 132 135 138 139 140 141 143 144 146 145 143 143 143 143 142 141 139 135 131 131 131 131 131 131 131 131 131 131 131 131 131 131 131 131 131 131 131 131 131 131 131 131 130 130 130 130 130 130
132 132 132 132 132 132 132 132 132 132 132 132 132 132 132 132 132 132 132 132 132 132 132 132 132 132 132 132 132 132 132 132 132 132 132 132 132 132 132 132 132 132 132 132 132 132 132 132 132 132 132 132 131 131 131 131 131 131 131 131 131 131 131 131 131 131 131 131 131 131 131 131 131 131 131 131 131 131 131 131 131 131 131 131 131 131 131 131 130 130 130 130 130 130
132 132 132 132 132 132 132 132 132 132 132 132 132 132 132 132 132 132 132 132 132 132 132 132 132 132 132 132 132 132 132 132 132 132 132 132 132 132 132 132 132 132 132 132 132 132 132 132 132 132 132 132 131 131 131 131 131 131 131 131 131 131 131 131 131 131 131 131 131 131 131 131 131 131 131 131 131 131 131 131 131 131 131 131 131 131 131 131 130 130 130 130 130 130
132 132 132 132 132 132 132 132 132 132 132 132 132 132 132 132 132 132 132 132 132 132 132 132 132 132 132 132 132 132 132 132 132 132 132 132 132 132 132 132 132 132 132 132 132 132 132 132 132 132 132 132 131 131 131 131 131 131 131 131 131 131 131 131 131 131 131 131 131 131 131 131 131 131 131 131 131 131 131 131 131 131 131 131 131 131 131 131 131 131 130 130 130 130
132 134 136 135 134 134 135 135 136 137 139 139 139 139 140 140 140 139 137 137 138 138 137 136 134 133 132 132 132 132 132 132 132 132 132 132 132 132 132 132 132 132 132 132 132 132 132 132 132 132 132 132 131 131 131 131 131 131 131 131 131 131 131 131 131 131 131 131 131 131 131 131 131 131 131 131 131 131 131 131 131 131 131 131 131 131 131 131 131 131 130 130 130 130
142 142 141 141 142 143 144 144 145 145 146 146 145 145 145 145 145 145 145 145 145 145 145 145 145 145 144 143 141 141 140 138 135 134 133 133 133 133 134 134 134 134 135 136 137 135 132 132 132 132 132 132 131 131 131 131 131 131 131 131 131 131 131 131 131 131 131 131 131 131 131 131 131 131 131 131 131 131 131 131 131 131 131 131 131 131 131 135 140 144 148 156 165 171
157 157 158 156 153 153 154 153 151 149 147 146 145 145 146 146 145 145 145 146 147 147 148 148 149 148 147 147 148 147 146 145 144 143 141 141 140 139 137 137 136 136 135 135 134 135 136 135 134 133 132 132 131 131 131 131 131 131 131 131 131 131 131 131 131 132 134 134 135 135 136 138 140 145 151 156 162 160 157 158 159 173 187 203 220 209 197 192 187 195 204 213 223 229
178 178 179 178 177 177 177 176 175 174 172 168 164 160 156 153 150 149 148 149 150 150 151 151 152 151 150 150 149 148 147 147 146 145 144 144 144 144 144 144 143 142 141 139 137 136 135 135 135 135 135 135 135 135 135 134 133 133 134 134 134 134 134 135 137 137 138 139 140 143 147 150 154 174 194 204 215 218 221 216 211 219 228 233 239 230 221 221 222 230 239 242 246 250
181 182 184 184 184 184 183 182 181 181 181 181 181 181 181 178 174 170 165 162 158 157 156 156 156 154 152 153 154 156 158 158 158 157 156 156 156 155 153 151 149 149 149 147 145 144 143 142 141 140 139 138 137 138 140 140 140 141 142 142 143 146 150 159 168 160 151 148 144 150 156 160 164 182 200 214 229 232 235 235 235 240 246 248 250 245 239 239 238 244 251 256 262 266
192 193 195 195 196 196 195 195 195 196 197 199 201 201 202 199 195 191 186 181 175 170 165 166 167 169 171 172 173 174 176 175 174 173 171 171 171 172 174 173 172 170 168 168 168 167 166 164 162 162 161 157 152 149 146 146 147 152 158 166 175 182 189 198 207 190 173 159 145 147 150 155 160 173 186 208 230 234 239 239 240 243 246 246 247 248 250 252 255 260 266 273 281 290
213 212 210 210 210 209 208 209 210 213 217 217 218 215 212 205 197 190 183 181 179 180 181 181 182 180 178 178 179 179 178 177 175 175 175 174 173 175 177 175 173 172 170 170 170 171 172 173 174 173 171 166 160 155 149 155 161 180 200 214 229 234 239 234 229 213 196 177 158 153 148 148 149 160 172 191 210 224 239 245 251 253 255 256 258 261 265 270 275 282 290 299 309 319
233 230 227 225 223 224 226 229 233 233 233 229 224 216 208 199 190 190 191 195 200 203 207 207 208 206 204 204 205 202 198 195 191 191 190 191 193 194 196 194 191 191 190 193 197 201 205 208 212 202 191 175 158 157 155 168 181 206 232 241 251 251 251 247 242 234 225 201 177 168 158 155 151 154 157 174 192 216 241 250 259 264 269 271 273 279 286 292 299 307 316 325 334 344
247 244 240 242 245 246 248 247 245 241 237 230 223 212 200 206 212 220 229 229 229 228 226 228 230 228 226 226 225 222 218 215 211 214 218 219 221 221 222 222 223 225 227 230 233 237 241 234 227 207 186 171 155 161 168 187 206 222 239 246 254 254 254 254 254 249 244 227 209 189 169 162 154 153 151 171 191 217 244 253 262 261 259 266 274 286 298 307 317 324 332 340 348 357
247 246 244 245 247 249 251 251 251 249 246 235 224 211 198 213 228 240 252 251 250 246 242 245 248 248 248 245 242 233 224 228 233 240 248 248 249 248 247 247 248 250 253 253 253 252 250 234 217 194 171 164 157 174 191 213 235 244 253 257 261 262 263 264 265 262 258 243 228 207 185 171 157 157 156 168 181 199 217 224 231 237 244 260 277 294 312 323 335 343 352 355 359 366
252 250 247 251 255 255 255 256 258 257 255 243 230 217 203 216 230 243 256 257 258 256 254 255 256 256 256 254 251 243 234 236 238 246 255 255 255 254 253 254 256 257 259 259 258 249 239 217 194 179 164 166 168 193 219 236 253 257 262 265 269 271 274 275 276 273 270 255 240 222 203 186 169 163 156 158 161 167 173 178 184 209 234 256 279 298 317 329 342 352 363 368 374 377
258 255 251 254 258 259 260 260 260 258 255 244 232 220 207 220 233 243 254 256 258 258 258 259 260 259 257 255 252 247 242 242 241 247 253 253 254 255 256 256 257 258 259 258 256 241 226 202 178 170 162 176 190 214 239 251 263 269 275 277 280 282 284 285 287 289 291 278 264 245 225 210 194 176 158 156 154 155 156 158 161 183 206 228 251 276 301 314 327 341 355 369 384 393
262 262 263 263 264 265 266 266 265 260 255 244 233 220 207 216 225 236 248 252 256 257 259 259 259 257 255 254 252 248 244 243 242 246 250 252 254 255 256 256 257 257 257 254 251 231 211 190 168 168 168 191 215 235 255 264 274 279 285 288 291 293 296 300 305 312 319 305 291 269 246 226 206 186 166 174 183 182 181 173 164 183 202 220 238 263 288 302 317 331 345 365 386 404
265 264 263 264 266 266 266 263 259 252 244 234 223 215 207 214 221 236 251 254 257 257 258 257 256 255 253 251 249 246 243 241 238 241 245 247 250 251 253 253 253 252 250 244 238 216 194 180 165 176 187 213 240 254 269 277 286 291 297 304 311 316 321 325 330 330 331 314 297 273 249 227 205 190 175 196 217 201 185 181 177 197 217 235 253 272 292 307 323 336 349 368 388 408
269 268 267 265 263 260 257 251 244 235 226 220 213 213 214 218 223 235 247 250 253 254 256 257 259 259 260 259 257 256 254 252 249 250 251 251 252 253 254 254 255 253 251 242 232 207 182 174 166 186 207 233 260 271 283 295 307 314 322 328 335 341 347 349 351 342 333 313 292 268 243 222 201 192 183 193 204 189 173 178 183 203 223 242 262 283 304 322 340 356 373 384 395 405
268 266 264 259 254 248 241 234 226 225 223 228 234 235 237 236 234 243 252 256 260 262 265 265 266 265 264 262 260 257 254 253 252 254 256 258 260 261 262 260 258 254 249 234 219 198 177 175 172 194 217 245 273 293 313 325 338 347 356 362 368 371 374 368 362 345 328 309 289 265 240 220 200 193 186 187 189 177 165 178 192 218 245 263 282 298 314 329 344 351 359 361 364 372
265 260 255 248 241 235 228 228 228 237 246 249 253 250 246 242 238 245 253 256 259 262 266 267 269 269 269 267 265 263 260 260 259 262 266 269 272 273 275 273 271 265 259 239 219 196 173 175 178 209 241 268 296 316 337 351 366 374 383 389 395 395 395 383 370 348 326 306 285 265 244 225 205 201 196 197 198 182 166 178 190 220 251 260 270 275 281 291 302 308 314 321 328 342
267 258 249 240 231 233 236 237 238 245 253 254 255 255 255 250 245 251 258 263 268 273 279 283 287 285 283 283 283 281 279 281 283 285 287 289 292 292 293 291 288 280 272 250 227 202 176 183 190 221 252 284 316 336 356 369 383 393 403 407 412 410 407 391 374 352 329 309 288 267 245 225 204 212 220 224 228 203 178 179 180 201 223 228 233 241 250 261 273 285 298 314 331 353
266 255 243 242 240 252 264 264 263 265 268 271 275 274 273 269 265 271 278 285 293 297 301 302 304 303 302 301 299 296 293 295 297 299 302 304 306 307 308 308 308 300 292 266 240 214 187 187 187 217 247 278 309 336 363 379 395 403 412 417 422 418 414 398 382 359 336 315 294 272 250 229 207 219 231 241 251 222 192 183 174 185 197 211 226 245 265 281 297 311 326 345 364 384
265 255 244 257 271 282 293 290 287 287 288 292 297 293 288 283 277 285 294 302 311 315 319 321 324 322 320 317 314 313 312 312 311 314 317 319 322 324 327 327 328 314 299 274 249 225 201 192 182 209 237 267 297 327 357 379 402 410 419 423 428 422 416 397 378 354 330 309 287 269 250 231 212 227 243 257 271 240 208 190 172 176 181 204 228 250 272 296 321 342 363 385 407 424
258 257 255 276 298 307 316 310 304 304 303 309 316 313 310 300 290 299 308 321 335 339 343 346 350 348 346 343 340 336 332 329 326 332 338 339 341 347 353 352 351 333 314 292 269 243 216 199 182 204 226 255 285 308 332 360 389 405 422 426 430 425 420 401 382 360 337 316 294 270 246 231 215 236 258 264 270 238 206 191 175 179 184 211 238 266 295 318 341 364 387 410 434 446
250 263 277 301 325 332 340 332 323 320 317 329 341 338 335 321 306 313 321 341 361 368 375 376 378 377 376 374 372 366 359 352 345 352 360 360 361 370 379 380 381 363 345 319 292 262 231 207 183 198 214 242 270 295 320 347 375 397 419 424 429 425 420 405 390 366 342 317 292 269 246 232 218 239 261 252 242 216 190 183 175 186 197 224 251 283 315 345 375 395 415 431 448 445
269 276 284 310 337 350 364 357 349 342 334 347 360 358 356 339 321 324 328 350 373 385 397 402 407 407 406 403 400 390 380 371 362 369 376 377 379 388 398 403 409 392 375 343 311 279 246 218 190 197 205 235 265 296 328 357 386 404 422 425 428 418 407 392 377 358 339 317 295 273 251 239 226 241 256 234 212 196 180 180 180 193 207 235 264 297 331 361 391 406 422 423 424 413
283 283 282 309 336 358 380 377 373 362 351 359 368 369 371 356 340 337 334 349 365 380 396 407 418 422 427 421 414 403 391 384 377 384 392 394 396 405 414 420 426 407 388 355 321 290 259 232 205 201 197 224 252 285 319 346 374 395 416 423 430 418 406 386 366 348 329 313 296 277 258 245 232 238 245 219 193 186 179 184 189 202 216 244 273 301 329 346 363 369 375 375 375 370
292 289 285 308 332 356 381 385 389 382 374 376 379 381 384 372 360 355 349 356 363 377 391 405 420 427 434 428 422 413 403 399 395 401 408 411 414 419 424 428 433 415 397 366 334 305 275 248 220 207 194 216 238 264 290 315 341 365 390 408 427 420 413 398 382 368 354 333 312 289 265 251 237 238 240 214 188 185 181 190 199 212 226 242 259 273 288 297 306 313 320 326 333 342
301 293 285 306 328 350 372 385 399 398 397 397 396 396 396 391 385 379 372 373 374 386 399 414 429 435 442 439 436 429 422 420 417 420 424 426 428 432 436 433 429 416 402 374 346 316 286 259 231 215 198 206 214 240 267 293 319 350 381 401 421 415 409 399 389 377 364 340 315 289 263 254 245 242 238 213 187 185 183 191 200 214 229 239 250 261 272 284 297 307 317 332 347 359
313 301 289 309 329 353 377 392 408 409 410 409 407 409 412 408 404 397 389 389 389 399 409 422 435 443 452 451 450 444 438 437 435 437 439 440 442 441 439 432 425 410 395 369 343 316 289 269 249 232 215 208 201 225 250 280 310 341 372 390 408 400 392 381 370 357 343 323 303 282 260 255 250 245 240 216 192 188 184 187 191 211 232 253 274 292 310 325 341 350 360 370 381 395
325 311 296 308 321 346 371 385 399 396 393 394 395 399 403 400 397 398 399 401 404 411 418 431 444 452 460 461 463 459 455 454 453 453 454 452 449 444 439 427 415 397 379 355 330 305 279 266 253 240 227 217 206 223 241 269 297 324 351 370 390 390 390 382 374 360 345 324 303 280 257 256 254 254 255 231 206 197 188 186 183 201 219 252 286 312 338 355 373 386 399 408 417 427
