demo/krs_cut.asc
ncols        720
nrows        360
xllcorner    92.550000000000
yllcorner    55.850000000000
cellsize     0.000833333333
NODATA_value -32768
[rows 210 to 251 of 360, columns 94 to 187 of 720]
246 244 241 240 238 234 230 228 225 222 218 212 205 204 203 198 193 191 189 188 187 184 181 176 170 165 160 160 159 158 157 157 157 156 154 153 151 150 148 148 147 146 145 145 146 145 144 144 145 145 144 144 144 144 144 144 143 144 145 144 142 142 142 142 142 142 141 140 138 136 134 132 129 129 129 129 129 129 129 129 129 129 129 129 129 129 129 129 129 129 129 129 129 129
227 223 219 216 213 210 206 203 200 197 193 192 191 189 186 180 174 170 166 167 169 163 156 152 147 146 144 144 143 142 141 141 141 141 142 141 140 140 140 139 138 138 137 137 137 137 138 138 137 136 135 135 136 136 137 136 135 136 137 137 136 136 136 133 129 129 129 129 129 129 129 129 129 129 129 130 131 131 130 129 128 130 132 132 133 132 131 132 134 134 135 134 133 132
197 197 196 195 193 191 188 182 176 170 164 161 157 155 152 148 143 142 141 142 144 142 139 138 136 136 135 134 133 133 134 134 135 135 135 135 134 134 134 134 134 134 133 133 133 133 133 131 129 129 129 129 129 129 129 129 129 129 129 129 129 129 129 129 129 129 129 129 129 129 129 130 131 132 134 134 134 134 135 135 135 136 137 138 139 139 139 139 139 139 139 139 139 139
179 174 169 170 172 168 163 155 147 143 138 138 137 136 134 135 136 136 135 135 135 136 138 138 137 137 138 138 138 138 139 139 139 138 137 136 135 134 133 133 132 131 130 130 129 129 129 129 129 129 129 129 129 129 129 129 129 129 129 129 129 129 129 129 129 129 129 129 129 129 129 130 132 132 133 134 136 137 139 139 138 139 140 140 141 141 140 140 140 140 140 140 139 138
167 158 149 148 146 142 138 137 135 136 137 137 138 138 139 141 143 143 143 142 141 141 140 140 141 141 140 140 139 138 137 137 136 136 136 133 129 129 129 129 129 129 129 129 129 129 129 129 129 129 129 129 129 129 129 129 129 129 129 129 129 129 129 129 129 129 129 129 129 129 129 129 129 131 133 133 134 134 134 134 133 133 133 133 134 134 135 134 133 134 135 135 134 134
142 140 137 137 137 137 136 137 139 140 142 143 144 144 143 142 140 139 137 137 138 138 137 137 137 136 135 134 133 131 129 129 129 129 129 129 129 129 129 129 129 129 129 129 129 129 129 129 129 129 129 129 129 129 129 129 129 129 129 129 129 129 129 129 129 129 129 129 129 129 129 129 129 129 129 129 129 129 129 129 129 129 129 129 129 129 129 129 129 129 129 129 129 129
135 136 137 137 138 139 140 140 140 139 138 138 139 139 139 138 136 136 136 135 133 132 130 130 129 129 129 129 129 129 129 129 129 129 129 129 129 129 129 129 129 129 129 129 129 129 129 129 129 129 129 129 129 129 129 131 133 132 131 131 132 132 133 133 133 133 134 133 132 132 133 131 129 129 129 129 129 129 129 129 129 129 129 129 129 129 129 129 129 129 129 129 129 129
135 135 135 136 137 137 136 136 135 135 135 135 135 135 134 132 130 130 130 130 130 130 129 129 129 129 129 129 129 129 129 129 129 129 129 129 129 129 129 129 129 129 129 129 129 129 129 130 132 133 134 134 133 133 134 134 133 133 134 134 134 134 135 135 135 135 135 134 133 132 131 130 129 129 129 129 129 129 129 129 129 129 129 129 129 129 129 129 129 129 129 129 129 129
135 135 135 134 133 132 131 131 130 130 130 130 130 130 130 130 130 130 130 130 130 130 129 129 129 129 129 129 129 129 129 129 129 129 129 129 129 131 133 133 134 135 136 136 136 136 136 138 141 141 142 142 143 141 139 137 135 135 135 135 136 135 134 134 134 134 134 133 132 131 129 129 129 129 129 129 129 129 129 129 129 129 129 129 129 129 129 129 129 129 129 129 129 129
130 130 130 130 130 130 130 130 130 130 130 130 130 130 130 130 130 130 130 130 130 130 129 129 129 129 129 129 129 129 129 129 129 129 129 132 135 136 138 139 141 141 140 140 141 141 142 143 144 144 145 145 146 146 145 143 140 138 136 135 134 134 135 132 129 129 129 129 129 129 129 129 129 129 129 129 129 129 129 129 129 132 136 136 135 136 137 140 143 145 148 150 152 155
130 130 130 130 130 130 130 130 130 130 130 130 130 130 130 130 130 130 130 130 130 130 130 130 129 129 129 129 129 129 129 129 129 129 129 130 132 133 134 134 135 136 137 138 139 139 140 140 141 141 141 141 140 140 139 138 137 133 129 129 129 129 129 129 129 129 129 129 129 137 146 151 156 161 167 165 163 163 163 164 165 167 170 171 172 169 166 172 179 187 196 199 202 204
130 130 130 130 130 130 130 130 130 130 130 130 130 130 130 130 130 130 130 130 130 130 130 130 129 129 129 129 129 129 129 129 129 129 129 129 129 129 129 129 129 129 129 130 132 131 129 129 129 129 129 129 129 129 129 129 129 129 129 129 129 129 129 129 129 143 157 159 161 172 184 188 193 196 199 199 199 202 205 204 203 202 200 200 200 198 195 196 197 204 212 217 223 224
130 130 130 130 130 130 130 130 130 130 130 130 130 130 130 135 141 147 154 163 173 176 179 180 181 183 186 175 164 155 145 145 146 148 150 140 129 129 129 129 129 129 129 129 129 129 129 129 129 129 129 129 129 129 129 129 129 129 129 133 137 141 145 166 188 197 207 206 204 204 203 204 205 205 206 210 214 217 221 219 216 216 215 212 209 208 207 208 209 215 222 226 231 233
130 130 130 130 130 130 130 130 130 138 146 155 164 167 170 182 194 206 218 223 229 229 230 232 234 233 231 215 199 190 180 190 200 205 210 211 212 209 206 191 175 166 157 154 151 147 142 139 136 136 135 137 140 140 141 142 144 146 148 150 153 159 166 190 215 217 220 219 218 216 214 215 217 218 220 221 223 223 224 226 229 229 230 227 224 221 218 221 224 228 232 236 241 246
130 130 130 138 147 154 162 164 166 182 199 214 229 228 226 230 234 239 244 247 251 251 252 252 253 245 237 224 211 209 207 218 229 233 238 237 236 235 234 218 201 200 198 206 214 205 196 182 168 168 168 169 171 171 171 174 178 180 182 176 169 180 191 207 224 225 226 227 228 227 225 226 228 230 232 233 235 233 230 233 237 239 241 240 239 237 235 237 239 244 249 253 258 261
177 185 194 201 208 216 224 216 207 224 241 249 258 258 257 257 258 261 265 266 268 269 270 268 266 257 248 242 235 235 235 239 244 247 251 249 246 244 241 226 210 215 221 228 236 228 219 201 183 194 206 216 227 227 226 224 222 209 196 187 177 193 209 219 230 233 236 237 239 240 241 241 240 240 240 240 241 241 242 246 250 253 257 256 254 252 249 255 262 264 267 268 270 272
235 238 242 243 244 248 252 242 231 245 260 269 279 279 280 280 279 282 285 286 287 288 290 286 282 272 261 261 261 260 259 259 260 261 262 260 258 251 243 232 220 231 242 243 245 233 221 207 193 211 230 238 247 245 243 231 219 203 186 194 203 216 230 236 242 244 247 251 255 257 260 257 253 252 251 252 254 258 262 264 266 267 269 267 265 263 261 265 270 272 274 277 280 284
255 256 258 261 265 268 272 263 253 264 275 283 292 294 296 296 296 298 300 300 301 301 300 297 294 288 281 283 285 282 279 278 276 276 275 270 265 255 244 244 245 251 257 253 248 236 223 216 209 226 243 248 253 247 240 224 207 202 197 214 232 240 248 253 258 263 269 272 276 276 277 272 267 267 267 268 270 270 269 272 276 276 275 273 270 270 270 277 285 292 299 304 310 314
270 273 277 281 286 288 290 284 277 276 274 282 291 295 299 302 305 306 308 308 309 308 306 303 300 299 297 297 297 295 292 289 286 283 279 272 265 262 258 262 267 267 266 261 256 243 230 230 230 242 255 253 250 238 226 211 196 206 217 232 247 256 265 270 275 280 285 286 288 288 288 286 284 282 280 280 281 281 282 284 287 287 286 286 287 291 296 307 318 325 332 338 344 349
299 303 307 310 313 316 319 315 311 298 284 288 293 299 305 310 316 317 319 318 317 315 313 312 310 308 306 306 306 305 303 300 296 292 287 286 284 285 287 286 285 282 278 270 261 248 234 236 239 249 259 256 252 237 221 210 199 217 235 250 265 274 283 287 291 294 298 298 298 298 298 298 298 298 297 298 300 301 303 306 310 310 311 311 311 314 317 329 342 352 362 371 380 385
330 337 345 345 344 349 354 348 342 328 313 315 317 320 323 325 328 331 334 333 331 328 324 323 322 321 320 318 316 315 313 310 307 304 300 300 300 302 304 301 298 292 285 273 260 255 249 252 256 259 262 259 256 237 218 211 204 228 252 267 283 289 296 301 306 309 313 315 317 319 321 322 323 324 326 326 327 327 326 326 326 329 333 333 334 332 329 343 358 373 389 401 414 420
355 363 371 372 374 376 378 370 361 349 337 337 337 339 342 341 340 342 344 343 342 341 339 338 336 334 332 330 327 323 319 315 310 308 305 306 307 307 306 303 300 293 285 273 261 267 274 275 277 279 281 273 265 242 219 217 215 244 273 290 307 313 320 327 334 339 344 346 349 351 353 354 355 356 357 357 356 354 352 351 349 353 358 361 364 358 352 360 369 388 407 425 443 452
367 376 385 390 395 397 399 387 374 364 354 355 356 362 368 366 363 361 359 360 361 362 364 363 361 360 358 355 351 346 340 336 331 327 323 321 318 317 315 308 301 292 282 280 277 283 289 289 288 289 291 279 267 245 222 223 225 257 289 313 337 345 354 362 371 376 381 382 384 384 385 386 388 388 389 389 389 386 383 379 374 379 385 389 393 387 381 382 383 402 421 442 463 479
374 385 396 408 420 422 425 412 398 390 382 388 394 397 400 396 392 388 383 385 387 388 390 391 392 390 388 384 380 375 370 364 357 350 343 338 333 328 323 316 309 306 302 302 301 304 307 307 307 306 304 289 273 250 226 228 230 260 290 316 343 362 382 394 406 413 421 423 425 424 422 423 424 425 427 427 426 421 416 408 400 405 411 418 425 419 412 410 407 423 440 458 477 489
381 393 405 419 434 440 447 438 428 422 416 422 429 430 432 425 418 413 408 410 413 418 423 424 426 424 422 418 413 408 403 394 385 376 367 360 352 347 341 336 331 331 331 331 331 332 333 331 329 323 316 298 279 258 237 237 236 261 287 311 336 362 389 413 438 449 460 462 464 461 458 456 454 457 460 460 460 453 445 438 431 434 438 447 456 449 442 437 431 444 457 472 487 491
402 413 425 437 449 458 467 462 456 451 445 450 455 455 455 449 442 439 435 440 446 452 459 461 463 461 458 455 451 448 444 433 422 409 395 386 376 370 363 362 360 362 364 363 362 358 354 342 330 313 296 279 262 252 241 240 238 265 292 320 348 376 405 427 450 461 473 481 489 488 486 483 479 481 484 484 483 477 471 466 461 464 468 474 481 474 467 460 453 462 471 478 485 481
423 433 444 456 468 475 483 484 486 478 470 471 473 474 476 469 461 461 460 469 478 486 494 496 499 497 494 493 491 485 479 468 456 441 425 416 407 401 394 393 392 392 393 390 386 370 353 330 307 292 277 274 270 266 262 252 241 259 277 308 340 371 403 413 423 432 442 452 463 465 468 468 467 472 477 478 479 481 484 485 486 490 495 498 501 493 485 479 472 472 471 468 465 457
429 439 450 454 458 465 473 487 501 497 493 496 499 497 495 489 482 483 484 495 506 516 527 530 533 529 525 524 523 518 512 497 482 470 457 446 435 429 423 420 417 410 402 389 375 354 332 314 296 297 298 300 303 295 286 273 259 259 260 286 312 341 370 374 378 384 391 401 411 413 416 421 426 434 442 448 455 464 473 482 492 500 508 511 514 509 504 495 486 474 462 451 439 429
416 417 419 426 433 453 473 493 513 517 521 520 519 516 513 507 500 502 504 515 526 538 551 554 558 553 547 545 542 537 532 519 506 496 486 473 460 449 438 427 416 402 388 370 351 333 315 314 313 323 334 336 338 327 316 301 286 275 263 273 284 305 327 330 333 339 346 355 365 374 384 395 407 417 428 436 445 455 466 477 488 495 503 507 511 511 510 498 486 471 455 442 428 413
380 388 396 417 438 465 493 511 529 531 533 533 532 528 524 520 516 518 520 529 539 548 558 562 567 565 563 559 555 551 546 539 531 519 506 489 471 456 440 425 410 394 377 359 341 334 327 337 348 358 369 371 373 362 350 333 315 300 284 278 272 283 295 305 316 329 343 357 372 388 404 417 430 439 448 456 464 470 477 482 488 493 499 503 508 509 510 501 492 479 465 451 437 422
356 376 397 425 454 479 504 514 525 527 530 530 531 528 524 523 522 525 528 533 538 541 545 550 555 556 558 558 557 557 556 552 548 532 516 498 479 461 443 428 413 399 385 369 353 354 355 370 386 395 405 405 405 395 384 365 345 328 311 297 282 282 282 304 326 344 362 380 398 415 432 444 456 464 472 479 487 494 501 503 505 507 509 511 514 514 514 506 497 484 470 456 441 435
376 397 419 442 466 480 495 506 517 522 528 526 524 521 518 516 514 516 519 521 524 528 533 537 541 545 549 549 548 548 547 544 541 526 510 496 481 466 450 438 425 417 408 393 378 380 382 400 418 428 438 437 436 422 407 388 369 351 333 322 311 305 298 299 301 317 333 357 381 406 432 448 464 470 476 487 498 507 516 519 523 523 522 523 525 523 521 509 496 483 470 463 456 454
404 424 445 455 466 476 487 500 514 521 528 525 522 516 510 506 502 503 504 508 513 519 525 530 536 541 547 544 540 534 528 526 523 516 508 499 489 477 465 455 444 437 430 419 408 409 411 427 443 452 462 460 458 442 425 406 386 370 354 352 350 344 337 325 312 310 308 329 350 376 402 421 441 448 456 472 488 503 519 528 537 538 540 540 541 535 529 517 504 494 483 480 476 471
441 446 452 451 450 462 475 491 508 518 529 529 529 520 510 501 492 491 490 500 510 518 527 535 543 545 548 541 534 527 520 515 510 507 503 498 493 484 475 468 461 457 452 446 439 439 440 450 460 466 473 470 466 451 436 420 404 398 391 389 387 379 371 357 343 329 314 319 324 347 370 389 408 417 427 447 467 488 510 518 527 531 536 537 539 531 523 517 510 505 500 497 493 482
459 449 438 436 433 449 466 485 504 515 526 526 525 516 506 495 484 484 485 497 509 521 533 542 552 552 552 545 537 529 520 512 503 497 490 486 482 478 473 472 471 469 467 463 458 458 459 464 469 471 474 470 466 456 446 439 431 429 426 424 422 412 401 387 372 355 337 328 319 331 343 357 371 391 412 433 454 470 487 492 497 506 516 516 517 512 506 503 500 504 509 506 503 490
441 426 410 418 426 444 463 482 501 509 518 516 513 504 495 486 476 478 481 494 507 521 536 545 555 555 554 548 542 532 522 512 502 493 483 478 472 471 469 472 475 474 473 469 464 464 463 466 470 470 471 469 466 465 463 463 462 462 461 458 454 438 421 404 387 369 350 346 342 338 334 340 346 364 383 402 421 433 446 458 470 480 490 491 492 488 483 486 489 498 507 508 510 499
401 396 391 409 427 448 469 484 500 507 514 509 504 495 485 476 467 468 469 484 500 516 533 545 557 558 559 555 550 539 527 515 502 491 479 472 464 461 458 464 470 470 470 467 463 463 463 465 468 468 468 468 469 472 476 480 485 486 488 478 468 449 430 410 390 377 363 369 376 370 363 356 348 352 356 371 386 402 418 436 454 459 464 464 463 463 463 472 481 491 501 506 511 504
364 377 391 413 435 454 473 488 503 510 517 511 505 497 488 476 463 460 457 470 484 501 518 535 553 559 565 559 552 539 526 513 499 486 472 462 452 449 446 454 462 463 464 460 455 456 458 458 459 460 461 463 465 470 476 484 492 495 498 483 468 450 432 416 399 395 391 399 408 403 398 389 380 372 363 362 360 376 392 409 427 428 430 435 440 450 460 472 485 493 501 507 513 511
351 371 392 414 437 456 475 490 506 516 527 523 519 509 499 482 465 456 447 458 469 484 500 519 538 549 560 553 545 532 519 505 490 477 464 454 444 438 432 440 448 449 451 447 442 444 446 448 450 454 458 461 464 469 475 482 489 491 493 481 468 454 439 432 425 423 421 425 430 431 433 425 417 408 399 389 378 376 373 383 394 405 416 430 445 459 474 484 495 503 512 516 521 521
371 379 388 408 429 450 471 487 504 520 537 534 531 517 502 481 460 446 432 442 452 468 484 505 526 539 553 546 538 527 515 502 488 473 458 444 430 420 410 417 424 425 427 428 429 435 441 445 450 453 456 460 464 470 476 479 483 486 490 484 477 467 457 454 451 449 447 451 455 457 459 455 451 441 430 419 408 398 388 386 383 399 415 434 453 467 482 493 504 512 521 525 529 529
409 413 418 426 435 451 468 485 503 518 533 527 521 505 488 468 448 434 419 427 435 451 468 490 512 521 531 526 521 515 509 496 483 469 455 439 423 409 395 396 398 405 413 422 432 440 449 452 456 460 464 466 468 470 473 475 477 482 487 486 484 479 473 473 474 473 471 473 476 480 484 478 471 461 450 442 434 423 411 403 394 398 403 425 447 465 484 492 501 506 511 512 514 514
437 444 451 455 459 470 481 494 507 517 527 522 516 500 484 464 443 424 404 409 414 431 448 467 486 492 498 495 492 493 495 488 480 467 453 436 418 398 378 381 384 401 419 432 446 453 460 461 463 463 464 463 461 461 460 466 472 478 484 486 488 487 485 485 484 484 483 484 486 489 492 490 488 478 467 458 448 438 427 418 409 405 400 417 435 451 468 474 480 484 489 490 491 491
