demo/krs_cut.asc
ncols        720
nrows        360
xllcorner    92.550000000000
yllcorner    55.850000000000
cellsize     0.000833333333
NODATA_value -32768
[rows 294 to 335 of 360, columns 94 to 187 of 720]
444 451 459 472 486 483 479 479 479 485 492 496 501 505 510 516 522 530 538 548 559 575 591 605 619 632 646 647 649 640 631 621 610 599 587 576 564 561 558 567 576 581 587 579 570 554 537 519 500 486 471 459 446 430 414 401 387 385 383 391 399 392 385 366 346 336 326 343 361 356 350 332 314 300 285 283 280 290 300 310 320 321 323 326 330 340 351 369 387 403 420 423 426 426
446 452 459 476 494 496 499 493 487 491 496 501 506 510 514 520 526 532 539 547 556 569 582 596 611 626 641 648 655 650 644 636 627 614 601 588 574 570 565 573 582 588 595 593 590 579 568 550 532 517 501 487 472 455 437 425 412 412 413 419 425 416 406 382 357 348 339 362 386 385 383 360 336 314 291 286 280 294 308 328 348 351 355 354 353 353 352 357 362 371 380 386 392 397
454 456 458 476 495 502 509 506 503 504 506 511 516 522 529 535 541 543 546 550 555 564 573 584 596 607 619 626 634 633 631 626 620 611 602 591 579 577 574 581 589 595 602 606 610 603 595 579 563 546 529 513 497 481 465 452 438 439 441 444 448 436 423 395 367 359 351 374 398 403 408 380 351 324 296 290 283 297 312 335 358 371 385 387 389 387 385 382 379 377 375 386 397 409
462 459 456 473 491 502 514 514 515 514 513 518 524 533 542 550 559 563 567 565 563 568 573 579 586 593 601 606 611 611 612 609 605 599 593 587 581 581 582 588 594 600 607 614 621 618 614 602 589 573 557 539 521 506 491 479 466 467 468 467 465 445 425 397 369 368 367 391 416 417 418 389 359 335 310 297 284 296 308 335 362 384 406 413 421 421 420 416 411 405 399 406 414 431
472 465 457 468 479 494 509 516 524 524 523 526 530 538 546 554 563 570 578 578 579 579 580 582 584 588 592 595 599 600 601 600 599 595 590 588 586 589 592 596 600 604 608 611 614 616 619 614 608 595 581 563 545 531 516 505 493 490 487 477 467 444 420 399 377 384 391 413 436 426 415 390 365 345 325 308 290 295 300 330 360 388 417 435 453 453 452 445 438 429 419 423 428 446
482 476 470 468 466 479 492 508 525 526 528 530 533 538 544 551 558 565 572 577 583 584 586 586 585 588 592 595 598 600 602 601 599 598 596 594 591 594 598 601 604 604 605 601 597 597 596 599 602 597 592 576 560 548 535 523 510 498 485 466 446 426 405 394 382 400 419 436 453 436 419 397 374 356 338 322 306 300 294 318 342 374 407 431 455 461 468 464 459 450 441 441 442 457
491 490 489 483 476 476 475 490 506 513 520 522 524 529 534 538 543 549 555 560 566 571 577 582 587 592 597 600 604 606 608 606 604 600 595 594 592 596 600 605 610 606 602 592 582 576 570 571 572 572 573 563 553 539 525 511 496 480 463 444 425 410 395 398 401 424 448 460 472 454 436 416 396 378 359 340 321 308 294 310 327 354 381 401 421 441 461 468 476 470 463 460 456 465
491 497 504 500 496 487 478 479 481 489 497 501 506 511 516 521 527 534 541 549 557 566 575 582 590 596 602 607 612 612 611 608 605 599 592 588 583 588 594 603 613 610 607 594 581 566 551 546 540 541 542 539 535 522 509 493 476 460 444 428 411 407 402 415 428 448 468 479 490 474 457 442 426 404 382 361 340 320 299 302 305 324 343 367 392 421 451 466 481 477 472 469 466 471
478 493 509 509 510 502 494 486 478 482 486 494 503 509 516 522 529 539 549 559 569 580 591 597 604 608 612 615 619 617 615 610 605 597 588 580 571 576 581 592 604 605 607 591 575 561 547 532 517 511 505 505 504 497 490 476 461 447 433 424 415 421 428 437 446 461 476 487 499 491 483 464 444 424 403 383 362 341 319 306 293 305 317 345 373 398 424 446 469 475 482 481 479 479
469 484 500 509 518 514 509 503 496 492 488 495 502 511 520 526 533 542 552 562 573 585 598 607 617 620 623 626 630 626 622 616 610 601 591 579 566 566 566 578 590 595 600 589 577 562 546 532 517 503 489 481 472 467 461 455 448 444 440 442 444 450 457 463 469 477 485 495 505 503 501 482 462 439 416 394 372 348 324 310 295 301 308 333 359 382 405 430 456 469 483 481 479 473
476 484 493 508 523 521 518 514 510 504 498 499 501 507 514 520 526 536 547 559 571 582 594 607 620 628 637 638 639 632 624 616 607 599 590 579 567 560 553 564 575 584 593 586 578 562 546 533 520 509 498 490 481 477 473 473 473 473 473 474 476 480 485 490 496 501 507 511 516 507 498 478 457 434 411 386 360 338 316 305 293 305 317 340 364 388 413 436 460 465 470 465 460 449
490 489 487 502 518 523 528 526 523 517 511 512 514 522 530 531 533 539 545 559 574 587 600 614 628 637 646 641 635 626 617 608 599 589 578 569 559 550 541 546 552 565 578 578 579 565 551 541 530 524 518 511 503 502 500 500 501 501 502 503 505 509 514 517 521 522 524 520 516 500 483 457 431 406 381 357 333 317 301 301 300 316 333 355 377 401 425 440 456 451 446 438 430 419
504 497 490 501 513 523 533 534 536 528 520 522 525 535 546 549 552 555 558 569 580 592 605 618 631 639 648 640 631 622 612 601 590 580 570 561 551 543 534 532 529 543 558 566 574 567 560 552 544 539 534 530 526 525 524 525 526 527 529 531 534 535 536 538 541 536 531 515 498 477 456 429 402 375 347 328 308 307 305 317 330 345 361 376 391 408 426 429 432 422 412 405 398 400
519 508 497 504 511 523 536 542 548 542 536 536 536 547 559 563 568 571 575 583 592 603 614 626 638 644 651 643 635 627 618 608 597 588 578 569 560 551 542 532 522 529 536 548 561 564 567 565 562 557 551 549 547 548 549 549 548 550 552 554 556 554 551 548 544 532 520 499 478 455 432 405 378 353 328 315 301 314 328 345 363 377 391 394 398 400 402 398 394 389 383 390 397 411
528 518 508 511 514 528 543 551 560 556 551 550 549 559 570 578 587 591 596 601 606 615 624 636 648 655 662 656 649 639 629 620 611 601 591 582 572 561 549 535 521 517 512 524 537 551 565 573 582 577 572 570 568 569 570 569 568 569 571 571 570 562 554 539 524 507 490 472 454 434 414 391 368 348 327 314 301 313 326 344 362 368 375 371 367 367 368 369 371 381 391 404 418 430
541 532 522 522 521 534 548 557 566 564 561 560 558 568 578 589 600 607 615 618 622 629 637 648 659 665 671 664 657 648 638 631 623 614 604 593 582 569 555 540 524 512 499 512 526 545 565 579 593 592 591 589 587 584 581 579 576 576 575 573 571 561 550 531 512 490 467 448 429 411 393 373 353 340 326 315 303 308 313 324 335 341 347 353 359 368 377 383 389 400 411 422 433 445
552 542 532 529 525 538 551 559 567 569 571 570 569 577 586 596 606 614 622 624 627 632 638 647 657 661 666 660 653 644 634 628 621 617 613 602 590 575 560 541 522 507 492 507 523 546 569 585 602 605 608 598 588 578 567 562 557 559 561 561 560 549 537 519 501 479 456 435 413 395 377 362 347 334 321 314 307 321 336 347 358 362 366 375 385 393 401 407 414 422 430 441 452 462
555 550 544 538 532 540 548 556 564 571 578 581 585 589 593 599 606 606 607 608 610 614 618 626 635 641 647 642 636 627 617 610 603 603 603 596 588 570 552 532 512 497 482 501 521 544 567 587 607 609 611 596 580 565 549 542 534 536 538 539 541 530 519 503 486 465 443 422 400 382 363 349 335 323 310 310 311 329 347 363 379 387 395 402 409 416 423 428 434 439 445 455 465 473
559 556 553 549 545 547 549 555 562 571 580 586 592 594 596 596 595 590 584 584 585 589 593 603 613 620 627 624 620 608 595 588 580 580 581 579 576 558 539 518 496 483 469 489 510 533 557 575 594 595 596 581 565 549 532 520 507 507 506 509 513 507 500 484 467 449 431 411 390 374 357 342 326 317 307 310 313 320 328 339 351 366 381 387 394 401 408 413 418 423 429 440 451 464
550 546 541 540 538 539 541 546 551 564 577 581 585 585 584 580 576 570 564 564 563 570 577 587 598 605 613 610 606 593 580 567 553 553 552 554 556 542 528 507 486 473 460 477 495 518 542 557 572 570 568 557 545 534 523 509 494 485 475 476 477 478 479 467 455 437 419 402 385 369 353 338 323 316 308 308 308 313 319 322 326 333 340 347 354 361 369 375 381 392 404 422 440 456
527 522 516 516 515 517 519 529 539 551 563 563 562 561 559 557 555 550 545 545 545 556 567 578 590 598 606 602 597 586 574 560 546 535 524 521 518 510 501 486 470 462 453 472 492 508 525 539 553 550 546 536 525 516 507 499 490 477 463 454 444 445 447 445 443 432 420 407 393 378 362 346 329 319 308 309 310 317 325 334 344 341 337 335 333 338 343 347 352 364 376 394 413 427
502 499 495 495 494 501 508 519 531 538 545 543 540 539 537 538 539 532 525 529 534 548 562 573 584 592 600 596 592 581 570 556 541 528 515 505 494 484 473 462 451 445 438 454 470 485 501 517 533 531 528 520 512 503 494 486 478 469 460 448 435 426 416 415 414 411 408 404 400 389 377 362 346 332 317 314 310 316 322 341 361 362 364 360 356 354 352 351 350 352 354 363 372 387
477 475 472 479 486 495 505 516 527 529 531 527 522 521 520 522 524 517 509 520 531 543 556 566 577 584 592 590 588 579 569 558 546 537 527 518 508 497 485 468 451 439 427 438 450 471 493 507 521 519 517 509 501 491 481 471 460 453 445 439 433 426 418 411 403 395 387 388 389 389 388 376 364 348 332 322 311 313 316 331 347 363 379 383 387 386 384 384 384 382 379 371 362 367
456 465 474 482 491 500 510 517 525 521 517 512 506 508 511 510 508 505 502 514 526 538 550 561 572 581 590 590 591 584 577 569 560 552 544 534 523 508 493 474 454 438 421 427 434 457 481 493 505 507 509 503 496 488 479 474 468 466 464 462 459 451 443 431 419 406 393 384 374 377 380 378 376 363 350 335 319 315 311 318 325 347 370 389 409 412 415 418 421 420 418 405 392 382
461 473 486 494 502 511 520 522 525 520 515 506 496 498 500 497 494 496 499 512 526 538 551 563 575 585 595 596 597 590 582 574 566 557 547 535 523 507 490 473 456 438 420 415 409 424 440 451 463 474 485 489 494 490 486 487 488 490 493 489 485 473 461 447 432 416 400 388 375 367 359 366 373 370 367 352 337 324 310 313 316 337 358 382 406 420 434 445 456 456 455 445 434 419
469 478 487 496 505 510 515 515 516 512 508 499 489 489 489 487 484 491 499 512 526 539 552 563 575 581 587 586 584 577 569 560 550 539 527 514 500 484 467 454 441 428 414 407 399 400 401 409 417 431 445 459 473 479 485 493 501 507 514 507 499 485 471 455 438 423 408 396 383 371 359 356 352 359 367 354 341 328 315 318 321 336 352 374 396 417 438 458 479 485 491 484 476 457
488 491 494 497 500 500 501 502 504 502 499 490 480 477 473 474 476 486 496 508 521 533 545 554 564 566 568 565 561 553 544 533 522 510 497 483 469 456 443 434 425 421 416 415 413 406 398 393 388 394 401 415 429 437 445 456 467 481 495 494 493 477 460 449 437 426 414 403 392 377 362 350 337 337 338 330 322 319 315 321 327 342 358 377 397 420 443 468 493 506 520 509 498 477
503 505 507 504 501 493 485 484 483 479 474 468 461 463 465 470 475 481 488 497 507 518 529 537 545 547 549 545 540 531 522 511 500 488 475 464 453 450 447 443 439 439 438 439 441 432 423 408 392 384 376 379 383 389 395 408 421 438 455 458 462 450 437 425 413 406 399 391 382 364 346 335 324 322 320 318 315 317 320 327 335 351 367 385 404 428 452 471 491 505 519 511 502 485
501 506 512 507 501 489 477 469 461 457 452 457 462 471 480 487 495 499 503 505 508 514 521 527 534 535 537 533 528 517 505 495 484 476 467 469 471 473 476 466 455 455 456 461 466 455 444 428 411 399 386 379 371 367 363 370 377 393 410 410 411 405 399 393 387 374 361 353 345 339 333 337 341 342 344 337 330 324 318 328 339 355 372 389 406 428 450 468 487 501 516 513 510 496
495 500 505 497 489 477 464 455 446 447 448 460 472 482 493 502 512 518 524 527 531 531 531 533 536 536 537 530 522 509 496 486 476 480 485 492 499 497 495 482 469 469 470 475 480 466 451 436 421 413 405 396 386 376 366 361 355 358 362 363 364 359 354 351 347 343 338 338 339 345 351 358 366 366 366 352 338 328 318 328 339 356 374 392 410 430 450 471 493 507 522 520 517 503
499 497 494 481 468 456 444 440 435 440 446 455 465 478 492 504 517 526 536 540 544 544 543 544 545 543 541 531 521 508 495 494 493 502 512 516 520 514 507 495 483 485 487 488 490 475 460 450 439 436 433 420 406 394 381 371 360 353 346 345 344 344 344 346 348 351 354 359 364 371 379 387 395 388 381 360 338 329 319 330 341 360 380 398 416 438 460 483 506 520 535 529 522 506
487 478 469 457 444 438 431 438 446 456 466 465 464 473 483 498 513 525 537 542 548 548 549 548 547 543 538 528 518 509 500 507 515 524 533 534 535 527 518 510 502 503 504 504 503 491 479 472 465 456 447 430 413 396 379 368 356 353 350 356 362 366 370 373 376 379 382 386 391 399 408 412 416 400 384 359 334 327 320 332 345 364 384 405 427 451 475 496 518 531 545 537 529 511
462 451 440 433 425 433 442 453 465 475 485 485 484 486 488 501 515 525 535 541 547 549 551 550 548 542 536 528 520 518 516 523 530 535 540 540 540 536 531 526 521 521 521 516 510 501 492 478 463 447 431 411 390 377 363 361 358 370 383 387 391 394 397 399 401 406 411 416 421 428 435 428 420 395 370 349 328 323 318 332 347 368 389 412 435 460 486 507 529 537 545 535 524 509
441 431 421 428 435 447 460 471 483 492 501 501 502 502 501 509 518 527 536 542 548 550 552 552 551 547 542 537 531 531 532 537 543 545 547 546 545 539 533 530 526 524 521 510 499 485 471 455 439 420 401 386 371 366 361 372 384 397 410 417 425 428 431 431 432 436 440 443 446 447 448 434 419 390 361 342 323 323 322 336 350 372 395 419 444 466 489 504 520 524 529 523 517 507
422 422 421 434 448 460 472 485 498 508 518 519 520 520 521 525 529 533 538 541 545 547 550 551 553 550 546 543 540 541 543 547 552 552 553 548 542 533 524 518 511 504 497 486 474 456 438 425 411 395 379 373 367 376 386 400 415 424 433 442 451 456 461 462 463 463 462 460 457 449 440 422 403 376 349 336 322 322 323 338 354 376 398 420 442 457 472 483 494 502 511 514 517 511
411 420 429 444 460 472 485 497 510 521 533 533 534 533 532 533 535 537 540 540 540 541 543 545 547 546 545 543 540 542 544 549 554 553 551 542 532 521 509 497 484 474 464 456 448 434 419 405 390 381 371 378 386 400 414 428 442 453 465 475 485 488 491 490 488 479 470 460 449 437 425 403 381 357 333 327 321 325 329 342 356 374 392 408 424 438 453 469 485 498 511 517 523 520
409 424 439 455 471 483 495 508 521 530 540 542 544 543 542 542 543 544 545 540 535 533 531 531 531 530 528 526 524 526 529 534 539 539 539 533 526 514 502 487 472 458 443 433 422 410 398 388 378 381 384 396 408 423 438 451 464 479 494 502 511 510 508 502 495 480 464 448 431 417 402 382 361 344 327 325 323 327 332 346 361 378 395 409 423 439 456 473 490 501 512 520 528 531
414 432 451 465 479 490 502 511 520 525 530 533 537 539 541 544 547 546 545 538 530 523 516 513 509 506 502 501 499 500 502 506 510 510 511 507 503 492 480 470 459 448 436 422 408 396 383 385 388 401 415 425 435 449 463 476 489 501 513 514 515 506 496 487 478 465 451 435 418 401 384 367 350 338 325 325 326 332 339 353 367 384 402 415 429 443 457 466 476 486 496 511 526 536
418 437 456 466 477 482 488 493 499 503 507 512 517 521 526 530 535 536 537 531 524 516 507 500 492 488 484 481 477 475 473 476 479 480 481 476 471 459 446 436 426 418 410 400 390 387 384 398 412 429 447 457 467 477 488 499 510 513 517 507 497 482 466 456 445 436 426 413 399 385 371 358 345 336 326 326 325 333 341 351 362 374 386 398 410 423 436 445 455 474 493 512 532 539
415 423 432 440 449 455 462 469 476 480 485 491 497 502 507 512 518 520 523 520 516 509 501 492 483 478 472 469 466 461 455 453 451 451 450 444 438 430 422 419 416 411 406 399 391 392 394 412 430 449 468 484 501 508 516 518 520 511 502 487 471 456 440 427 413 403 393 384 375 366 357 348 338 332 326 328 331 342 353 362 372 377 383 389 395 403 411 431 451 472 493 509 525 530
432 428 423 426 429 434 439 445 452 458 465 471 478 484 491 498 506 510 514 512 510 503 496 491 486 486 485 483 480 474 467 456 445 439 432 432 431 437 443 442 441 434 426 414 401 405 410 429 448 467 487 507 527 536 545 534 522 505 487 471 455 441 427 418 409 399 389 380 370 360 350 342 333 331 329 337 345 360 375 379 384 395 406 412 418 420 422 432 443 459 476 492 508 518
451 446 440 442 445 447 450 451 453 455 458 464 471 478 486 492 498 503 508 508 508 505 501 501 502 502 501 496 490 478 465 454 442 443 445 453 462 464 467 463 459 448 436 421 405 412 419 439 460 481 502 523 544 553 562 546 530 511 491 475 459 455 450 444 437 422 407 394 380 366 352 342 332 333 334 348 363 378 393 395 397 409 421 435 449 449 450 446 442 455 469 486 504 517
